Averaged histogram for class cyl: [0.000000e+00 9.910200e+02 0.000000e+00 2.990000e+01 0.000000e+00
 1.910000e+01 0.000000e+00 1.188000e+01 0.000000e+00 9.820000e+00
 0.000000e+00 1.166000e+01 2.000000e-02 1.450000e+01 2.000000e-02
 1.874000e+01 4.000000e-02 2.818000e+01 1.400000e-01 3.904000e+01
 3.000000e-01 4.978000e+01 6.800000e-01 5.968000e+01 1.180000e+00
 7.014000e+01 1.640000e+00 8.204000e+01 2.340000e+00 9.428000e+01
 2.640000e+00 1.115800e+02 3.320000e+00 1.222400e+02 4.740000e+00
 1.393400e+02 5.220000e+00 1.501000e+02 5.380000e+00 1.637600e+02
 6.300000e+00 1.898600e+02 6.920000e+00 2.100000e+02 7.880000e+00
 2.312600e+02 9.280000e+00 2.560800e+02 9.720000e+00 2.840800e+02
 1.144000e+01 3.147400e+02 1.320000e+01 3.350000e+02 1.554000e+01
 3.630600e+02 1.836000e+01 3.892600e+02 2.086000e+01 4.272000e+02
 2.410000e+01 4.582000e+02 2.756000e+01 4.725800e+02 3.008000e+01
 5.067400e+02 3.478000e+01 5.299200e+02 3.572000e+01 5.466200e+02
 3.880000e+01 5.882600e+02 4.548000e+01 6.279600e+02 4.698000e+01
 6.571600e+02 5.302000e+01 7.081400e+02 5.946000e+01 7.481200e+02
 5.962000e+01 7.732200e+02 6.386000e+01 8.111400e+02 6.430000e+01
 8.378600e+02 6.958000e+01 8.706800e+02 6.948000e+01 9.052200e+02
 7.180000e+01 9.358400e+02 7.196000e+01 9.785200e+02 7.908000e+01
 1.029560e+03 8.132000e+01 1.079960e+03 9.008000e+01 1.142160e+03
 9.708000e+01 1.210620e+03 1.038200e+02 1.238760e+03 1.172400e+02
 1.313740e+03 1.325600e+02 1.370180e+03 1.429600e+02 1.434280e+03
 1.588800e+02 1.506540e+03 1.764200e+02 1.593140e+03 1.941600e+02
 1.680480e+03 2.124600e+02 1.801360e+03 2.416600e+02 1.962120e+03
 2.674000e+02 2.118920e+03 2.879000e+02 2.297640e+03 3.128400e+02
 2.501420e+03 3.319800e+02 2.724920e+03 3.397800e+02 2.950520e+03
 3.438600e+02 3.220880e+03 3.408200e+02 3.598020e+03 3.406200e+02
 4.091680e+03 3.437600e+02 4.855780e+03 3.306800e+02 5.825420e+03
 3.280200e+02 7.112420e+03 3.247400e+02 8.551680e+03 3.205200e+02
 1.006458e+04 3.286800e+02 1.167788e+04 3.230400e+02 1.324784e+04
 3.230400e+02 1.494030e+04 3.172200e+02 1.677306e+04 3.098400e+02
 1.848282e+04 2.990400e+02 2.014304e+04 2.802200e+02 2.138380e+04
 2.514200e+02 2.201766e+04 2.315600e+02 2.235316e+04 2.049600e+02
 2.262430e+04 1.805400e+02 2.302134e+04 1.583200e+02 2.310700e+04
 1.400600e+02 2.215696e+04 1.063600e+02 1.992588e+04 7.340000e+01
 1.613142e+04 4.732000e+01 1.217856e+04 2.862000e+01 8.616480e+03
 1.496000e+01 5.945680e+03 8.200000e+00 4.069660e+03 5.880000e+00
 2.784320e+03 4.840000e+00 1.882060e+03 4.920000e+00 1.284160e+03
 4.460000e+00 9.503200e+02 3.580000e+00 8.521600e+02 3.520000e+00
 8.972000e+02 3.560000e+00 8.913600e+02 2.080000e+00 7.510000e+02
 1.020000e+00 5.080800e+02 5.200000e-01 2.761400e+02 1.800000e-01
 1.158000e+02 4.000000e-02 4.034000e+01 0.000000e+00 1.504000e+01
 0.000000e+00 5.740000e+00 0.000000e+00 2.760000e+00 0.000000e+00
 1.580000e+00 0.000000e+00 1.540000e+00 0.000000e+00 8.600000e-01
 0.000000e+00 4.200000e-01 0.000000e+00 1.600000e-01 0.000000e+00
 4.000000e-02 0.000000e+00 0.000000e+00 0.000000e+00 2.000000e-02
 0.000000e+00 0.000000e+00 0.000000e+00 0.000000e+00 0.000000e+00
 0.000000e+00 0.000000e+00 0.000000e+00 0.000000e+00 0.000000e+00
 0.000000e+00 0.000000e+00 0.000000e+00 0.000000e+00 0.000000e+00
 0.000000e+00 0.000000e+00 0.000000e+00 0.000000e+00 0.000000e+00
 0.000000e+00 0.000000e+00 0.000000e+00 0.000000e+00 0.000000e+00
 0.000000e+00]
Averaged histogram for class inter: [0.000000e+00 7.672000e+02 0.000000e+00 5.170000e+01 0.000000e+00
 6.152000e+01 0.000000e+00 6.532000e+01 0.000000e+00 5.328000e+01
 0.000000e+00 3.592000e+01 0.000000e+00 2.092000e+01 0.000000e+00
 1.852000e+01 0.000000e+00 2.552000e+01 0.000000e+00 3.592000e+01
 0.000000e+00 3.566000e+01 0.000000e+00 3.784000e+01 0.000000e+00
 3.574000e+01 0.000000e+00 3.656000e+01 0.000000e+00 3.118000e+01
 4.000000e-02 2.252000e+01 2.000000e-02 1.962000e+01 2.400000e-01
 1.616000e+01 7.200000e-01 1.710000e+01 1.640000e+00 2.038000e+01
 4.160000e+00 2.600000e+01 5.420000e+00 3.188000e+01 7.720000e+00
 3.818000e+01 7.620000e+00 4.958000e+01 8.740000e+00 5.914000e+01
 1.204000e+01 6.732000e+01 1.424000e+01 7.512000e+01 1.818000e+01
 7.898000e+01 2.230000e+01 7.876000e+01 2.942000e+01 7.784000e+01
 3.686000e+01 7.210000e+01 4.342000e+01 7.090000e+01 4.622000e+01
 6.942000e+01 4.874000e+01 6.964000e+01 5.194000e+01 6.924000e+01
 5.510000e+01 7.086000e+01 5.730000e+01 7.248000e+01 5.982000e+01
 8.016000e+01 6.328000e+01 8.652000e+01 6.784000e+01 9.224000e+01
 7.242000e+01 1.041400e+02 7.784000e+01 1.147000e+02 8.428000e+01
 1.239800e+02 8.508000e+01 1.300600e+02 8.920000e+01 1.298800e+02
 9.146000e+01 1.329000e+02 9.664000e+01 1.348200e+02 1.014600e+02
 1.371600e+02 1.083000e+02 1.446600e+02 1.186200e+02 1.589400e+02
 1.407400e+02 1.732200e+02 1.667400e+02 1.962400e+02 2.029200e+02
 2.265800e+02 2.426200e+02 2.581000e+02 3.007000e+02 2.938800e+02
 3.585200e+02 3.462000e+02 4.400800e+02 4.134600e+02 5.210600e+02
 4.767600e+02 6.578200e+02 5.519000e+02 8.384400e+02 6.270000e+02
 1.093960e+03 7.185400e+02 1.428740e+03 8.282200e+02 1.919840e+03
 9.437600e+02 2.514140e+03 1.079860e+03 3.227560e+03 1.249020e+03
 3.973300e+03 1.487640e+03 4.666320e+03 1.845460e+03 5.291140e+03
 2.451160e+03 5.727280e+03 3.558300e+03 6.037020e+03 5.540140e+03
 6.096240e+03 8.661080e+03 5.982560e+03 1.317808e+04 5.596080e+03
 1.870288e+04 4.949940e+03 2.405248e+04 4.248440e+03 2.788906e+04
 3.608380e+03 2.961172e+04 3.096320e+03 2.890166e+04 2.661200e+03
 2.735474e+04 2.350620e+03 2.594822e+04 2.073160e+03 2.449688e+04
 1.766080e+03 2.202892e+04 1.408540e+03 1.834670e+04 1.077940e+03
 1.419882e+04 7.963600e+02 1.061010e+04 5.767000e+02 7.812980e+03
 3.922000e+02 5.556820e+03 2.543000e+02 3.786500e+03 1.514000e+02
 2.469520e+03 8.238000e+01 1.589740e+03 4.012000e+01 1.036420e+03
 1.738000e+01 7.094600e+02 8.220000e+00 5.456200e+02 5.520000e+00
 4.963400e+02 5.140000e+00 5.124800e+02 4.560000e+00 5.216200e+02
 4.400000e+00 4.833200e+02 2.760000e+00 3.835800e+02 1.700000e+00
 2.381000e+02 1.560000e+00 1.164400e+02 5.200000e-01 4.456000e+01
 2.200000e-01 1.344000e+01 1.000000e-01 3.940000e+00 2.000000e-02
 9.000000e-01 0.000000e+00 5.200000e-01 0.000000e+00 2.200000e-01
 0.000000e+00 1.400000e-01 0.000000e+00 6.000000e-02 0.000000e+00
 0.000000e+00 0.000000e+00 0.000000e+00 0.000000e+00 0.000000e+00
 0.000000e+00 0.000000e+00 0.000000e+00 0.000000e+00 0.000000e+00
 0.000000e+00 0.000000e+00 0.000000e+00 0.000000e+00 0.000000e+00
 0.000000e+00 0.000000e+00 0.000000e+00 0.000000e+00 0.000000e+00
 0.000000e+00 0.000000e+00 0.000000e+00 0.000000e+00 0.000000e+00
 0.000000e+00 0.000000e+00 0.000000e+00 0.000000e+00 0.000000e+00
 0.000000e+00 0.000000e+00 0.000000e+00 0.000000e+00 0.000000e+00
 0.000000e+00 0.000000e+00 0.000000e+00 0.000000e+00 0.000000e+00
 0.000000e+00]
Averaged histogram for class let: [0.000000e+00 6.701400e+02 0.000000e+00 4.961000e+01 0.000000e+00
 5.384000e+01 0.000000e+00 5.726000e+01 0.000000e+00 5.928000e+01
 0.000000e+00 6.003000e+01 0.000000e+00 5.653000e+01 1.000000e-02
 4.933000e+01 4.000000e-02 4.520000e+01 7.000000e-02 4.343000e+01
 2.300000e-01 4.920000e+01 3.600000e-01 5.286000e+01 4.700000e-01
 5.638000e+01 7.400000e-01 6.252000e+01 1.100000e+00 6.895000e+01
 1.790000e+00 7.710000e+01 2.660000e+00 9.162000e+01 3.430000e+00
 1.131100e+02 5.030000e+00 1.424600e+02 6.060000e+00 1.715100e+02
 6.950000e+00 2.004700e+02 8.620000e+00 2.275800e+02 1.139000e+01
 2.567900e+02 1.321000e+01 2.831200e+02 1.617000e+01 3.247400e+02
 1.926000e+01 3.593600e+02 2.053000e+01 3.947900e+02 2.237000e+01
 4.260900e+02 2.672000e+01 4.564300e+02 2.997000e+01 4.814300e+02
 3.426000e+01 5.090300e+02 3.896000e+01 5.346200e+02 4.428000e+01
 5.536600e+02 4.990000e+01 5.764300e+02 5.752000e+01 5.969600e+02
 6.556000e+01 6.159200e+02 7.445000e+01 6.485000e+02 8.719000e+01
 6.849800e+02 9.995000e+01 7.149100e+02 1.150200e+02 7.544400e+02
 1.282400e+02 7.995000e+02 1.424300e+02 8.471900e+02 1.519100e+02
 8.839500e+02 1.645700e+02 9.269700e+02 1.767400e+02 9.716600e+02
 1.869300e+02 1.026690e+03 1.980600e+02 1.074470e+03 2.106600e+02
 1.117090e+03 2.177700e+02 1.172720e+03 2.341100e+02 1.227190e+03
 2.468200e+02 1.275980e+03 2.617700e+02 1.341870e+03 2.796900e+02
 1.412770e+03 2.913000e+02 1.477560e+03 3.081600e+02 1.566980e+03
 3.248100e+02 1.661160e+03 3.392800e+02 1.751340e+03 3.588500e+02
 1.845530e+03 3.838400e+02 1.939890e+03 4.097400e+02 2.060440e+03
 4.444100e+02 2.167000e+03 4.895600e+02 2.324310e+03 5.402700e+02
 2.500420e+03 5.980100e+02 2.685240e+03 6.643500e+02 2.924240e+03
 7.242400e+02 3.194610e+03 7.984000e+02 3.520030e+03 8.639100e+02
 3.962320e+03 9.341900e+02 4.627770e+03 1.013330e+03 5.498980e+03
 1.105720e+03 6.460550e+03 1.178200e+03 7.694680e+03 1.209280e+03
 9.309030e+03 1.228880e+03 1.120199e+04 1.211540e+03 1.300085e+04
 1.178840e+03 1.465433e+04 1.124510e+03 1.627009e+04 1.055250e+03
 1.790858e+04 9.932500e+02 1.940750e+04 9.076600e+02 2.007650e+04
 8.012500e+02 2.000227e+04 6.915100e+02 1.934690e+04 5.865800e+02
 1.837336e+04 4.797800e+02 1.705397e+04 3.907300e+02 1.581934e+04
 3.146100e+02 1.466219e+04 2.551700e+02 1.358722e+04 2.086100e+02
 1.232162e+04 1.711200e+02 1.084317e+04 1.413700e+02 9.384090e+03
 1.223600e+02 8.058420e+03 1.078200e+02 6.774470e+03 9.176000e+01
 5.622860e+03 7.626000e+01 4.681380e+03 6.272000e+01 3.952610e+03
 4.880000e+01 3.408110e+03 4.097000e+01 2.999970e+03 3.559000e+01
 2.697010e+03 2.803000e+01 2.331700e+03 2.081000e+01 1.880000e+03
 1.561000e+01 1.421250e+03 1.291000e+01 1.028300e+03 1.082000e+01
 7.331100e+02 1.062000e+01 5.571900e+02 9.950000e+00 4.687300e+02
 8.720000e+00 4.197800e+02 7.130000e+00 3.972700e+02 4.940000e+00
 3.643600e+02 2.920000e+00 3.048600e+02 1.930000e+00 2.097100e+02
 9.500000e-01 1.147400e+02 4.300000e-01 5.885000e+01 2.000000e-01
 2.378000e+01 3.000000e-02 9.080000e+00 1.000000e-02 3.100000e+00
 0.000000e+00 1.160000e+00 0.000000e+00 4.000000e-01 0.000000e+00
 1.900000e-01 0.000000e+00 7.000000e-02 0.000000e+00 5.000000e-02
 0.000000e+00 1.000000e-02 0.000000e+00 0.000000e+00 0.000000e+00
 0.000000e+00 0.000000e+00 0.000000e+00 0.000000e+00 0.000000e+00
 0.000000e+00 0.000000e+00 0.000000e+00 0.000000e+00 0.000000e+00
 0.000000e+00]
Averaged histogram for class mod: [0.000000e+00 6.758200e+02 0.000000e+00 4.416000e+01 0.000000e+00
 4.491000e+01 0.000000e+00 4.254000e+01 0.000000e+00 4.279000e+01
 0.000000e+00 4.897000e+01 0.000000e+00 5.293000e+01 0.000000e+00
 4.803000e+01 0.000000e+00 4.716000e+01 0.000000e+00 4.596000e+01
 0.000000e+00 5.160000e+01 0.000000e+00 5.843000e+01 0.000000e+00
 6.533000e+01 1.000000e-02 7.471000e+01 2.000000e-02 8.048000e+01
 1.000000e-01 8.548000e+01 4.400000e-01 9.213000e+01 8.800000e-01
 1.027200e+02 1.600000e+00 1.157600e+02 2.430000e+00 1.360500e+02
 3.960000e+00 1.607800e+02 4.680000e+00 1.895400e+02 6.950000e+00
 2.243200e+02 8.850000e+00 2.569600e+02 1.276000e+01 3.002000e+02
 1.507000e+01 3.361900e+02 1.854000e+01 3.791300e+02 2.260000e+01
 4.184000e+02 2.762000e+01 4.610200e+02 3.402000e+01 5.050000e+02
 4.003000e+01 5.510200e+02 4.727000e+01 5.944400e+02 5.369000e+01
 6.332700e+02 6.314000e+01 6.671200e+02 6.770000e+01 7.071100e+02
 7.743000e+01 7.448400e+02 8.615000e+01 7.888100e+02 9.229000e+01
 8.399800e+02 1.008300e+02 8.955400e+02 1.078700e+02 9.449300e+02
 1.162400e+02 9.981100e+02 1.282100e+02 1.052520e+03 1.376800e+02
 1.113730e+03 1.486800e+02 1.162080e+03 1.632000e+02 1.210380e+03
 1.725100e+02 1.267510e+03 1.836100e+02 1.323550e+03 1.956500e+02
 1.388610e+03 2.054100e+02 1.456380e+03 2.166300e+02 1.525130e+03
 2.305700e+02 1.606240e+03 2.444000e+02 1.661990e+03 2.601600e+02
 1.720610e+03 2.745400e+02 1.780180e+03 2.893100e+02 1.855090e+03
 2.976100e+02 1.920700e+03 3.058900e+02 2.000160e+03 3.141100e+02
 2.073430e+03 3.186900e+02 2.193310e+03 3.336200e+02 2.308480e+03
 3.501400e+02 2.425780e+03 3.772900e+02 2.548660e+03 4.056500e+02
 2.702970e+03 4.355300e+02 2.892960e+03 4.695800e+02 3.080010e+03
 4.939800e+02 3.248210e+03 5.161500e+02 3.454630e+03 5.529300e+02
 3.670730e+03 5.984000e+02 3.961320e+03 6.428000e+02 4.358640e+03
 6.781800e+02 4.988880e+03 7.267300e+02 6.052900e+03 7.440000e+02
 7.463420e+03 7.563000e+02 9.131500e+03 7.473600e+02 1.070870e+04
 7.344200e+02 1.198315e+04 7.213100e+02 1.283633e+04 7.010600e+02
 1.386459e+04 6.666100e+02 1.518324e+04 6.312400e+02 1.697885e+04
 5.779700e+02 1.891588e+04 5.045700e+02 2.030241e+04 4.205600e+02
 2.042160e+04 3.380100e+02 1.916017e+04 2.718300e+02 1.750204e+04
 2.182600e+02 1.588661e+04 1.761300e+02 1.432679e+04 1.512000e+02
 1.285579e+04 1.349400e+02 1.141644e+04 1.268400e+02 1.004567e+04
 1.166800e+02 8.631830e+03 1.043200e+02 7.410450e+03 9.401000e+01
 6.413330e+03 7.530000e+01 5.631460e+03 6.191000e+01 5.075850e+03
 4.398000e+01 4.647630e+03 4.424000e+01 4.522930e+03 4.050000e+01
 4.398920e+03 4.027000e+01 4.138010e+03 1.757000e+01 3.551550e+03
 3.604000e+01 2.972950e+03 3.441000e+01 2.184010e+03 2.719000e+01
 1.484460e+03 5.160000e+00 8.365300e+02 1.671000e+01 6.848000e+02
 1.082000e+01 5.868700e+02 8.010000e+00 6.514400e+02 2.100000e+00
 3.018600e+02 6.340000e+00 7.757100e+02 5.090000e+00 7.924500e+02
 3.550000e+00 6.859200e+02 1.800000e-01 2.190300e+02 2.500000e+00
 5.106700e+02 1.820000e+00 3.605400e+02 6.600000e-01 2.564900e+02
 0.000000e+00 1.776300e+02 2.300000e-01 2.060500e+02 4.000000e-02
 1.694800e+02 0.000000e+00 1.235200e+02 0.000000e+00 8.045000e+01
 0.000000e+00 4.387000e+01 0.000000e+00 2.485000e+01 0.000000e+00
 1.382000e+01 0.000000e+00 6.690000e+00 0.000000e+00 2.640000e+00
 0.000000e+00 2.020000e+00 0.000000e+00 1.130000e+00 0.000000e+00
 1.290000e+00]
Averaged histogram for class para: [0.000000e+00 8.505000e+02 0.000000e+00 3.688000e+01 0.000000e+00
 2.896000e+01 0.000000e+00 3.198000e+01 0.000000e+00 3.042000e+01
 0.000000e+00 2.930000e+01 0.000000e+00 2.232000e+01 2.000000e-02
 1.504000e+01 4.000000e-02 1.194000e+01 4.000000e-02 1.500000e+01
 6.000000e-02 1.830000e+01 1.400000e-01 2.938000e+01 2.800000e-01
 4.004000e+01 5.600000e-01 6.230000e+01 8.400000e-01 8.428000e+01
 1.180000e+00 1.038000e+02 1.900000e+00 1.274000e+02 3.020000e+00
 1.602200e+02 5.220000e+00 1.897800e+02 8.400000e+00 2.281400e+02
 1.152000e+01 2.633000e+02 1.440000e+01 2.948600e+02 1.698000e+01
 3.250200e+02 2.210000e+01 3.654800e+02 2.656000e+01 3.936800e+02
 3.490000e+01 4.271400e+02 4.242000e+01 4.661800e+02 5.142000e+01
 5.039000e+02 6.162000e+01 5.384200e+02 6.840000e+01 5.784800e+02
 7.404000e+01 6.178400e+02 8.444000e+01 6.434200e+02 8.916000e+01
 6.903200e+02 9.104000e+01 7.190200e+02 9.702000e+01 7.439200e+02
 1.010800e+02 7.607800e+02 1.032400e+02 7.821600e+02 1.132800e+02
 7.942200e+02 1.177600e+02 8.105800e+02 1.230600e+02 8.265200e+02
 1.291200e+02 8.427200e+02 1.348800e+02 8.561000e+02 1.444200e+02
 8.848600e+02 1.567800e+02 9.014600e+02 1.696200e+02 9.317400e+02
 1.803000e+02 9.733800e+02 1.874200e+02 1.010940e+03 1.961000e+02
 1.054760e+03 2.053200e+02 1.096160e+03 2.123200e+02 1.141740e+03
 2.196400e+02 1.179740e+03 2.244200e+02 1.225820e+03 2.317000e+02
 1.297180e+03 2.402200e+02 1.342860e+03 2.444000e+02 1.369280e+03
 2.444600e+02 1.402120e+03 2.431200e+02 1.448100e+03 2.427600e+02
 1.511880e+03 2.424600e+02 1.577020e+03 2.429600e+02 1.644480e+03
 2.422200e+02 1.751520e+03 2.335600e+02 1.811840e+03 2.291600e+02
 1.949020e+03 2.216800e+02 2.029900e+03 2.117800e+02 2.147280e+03
 2.087400e+02 2.281900e+03 2.060400e+02 2.408040e+03 2.027400e+02
 2.524720e+03 1.977800e+02 2.603340e+03 1.922800e+02 2.727060e+03
 1.849400e+02 2.868800e+03 1.800000e+02 2.994960e+03 1.748000e+02
 3.179860e+03 1.665200e+02 3.310300e+03 1.614600e+02 3.554700e+03
 1.607800e+02 3.829900e+03 1.588200e+02 4.211440e+03 1.571000e+02
 4.621140e+03 1.611600e+02 5.100740e+03 1.694800e+02 5.795160e+03
 1.708200e+02 6.571860e+03 1.723200e+02 7.463400e+03 1.773600e+02
 8.702200e+03 1.832800e+02 1.012478e+04 1.864400e+02 1.167984e+04
 1.946400e+02 1.301956e+04 1.937400e+02 1.414770e+04 1.881400e+02
 1.509986e+04 1.805800e+02 1.615982e+04 1.725600e+02 1.715780e+04
 1.646800e+02 1.765212e+04 1.514800e+02 1.746286e+04 1.389200e+02
 1.675542e+04 1.254000e+02 1.554736e+04 1.080600e+02 1.404044e+04
 9.454000e+01 1.215572e+04 8.172000e+01 1.010282e+04 6.888000e+01
 8.279660e+03 5.946000e+01 6.848300e+03 5.160000e+01 5.821100e+03
 4.638000e+01 5.193960e+03 3.964000e+01 5.023540e+03 3.652000e+01
 5.191740e+03 3.546000e+01 5.494900e+03 3.174000e+01 5.722360e+03
 2.874000e+01 5.783160e+03 2.632000e+01 5.861160e+03 2.364000e+01
 6.158500e+03 2.068000e+01 6.702180e+03 1.726000e+01 7.071620e+03
 1.412000e+01 6.664340e+03 1.182000e+01 5.485200e+03 1.016000e+01
 3.893380e+03 9.300000e+00 2.430360e+03 7.300000e+00 1.433740e+03
 5.860000e+00 8.457400e+02 4.100000e+00 4.691200e+02 1.520000e+00
 2.456400e+02 8.200000e-01 1.105400e+02 3.800000e-01 4.880000e+01
 4.000000e-02 1.870000e+01 0.000000e+00 6.880000e+00 0.000000e+00
 2.140000e+00 0.000000e+00 1.440000e+00 0.000000e+00 5.600000e-01
 0.000000e+00 2.600000e-01 0.000000e+00 1.400000e-01 0.000000e+00
 8.000000e-02]
Averaged histogram for class super: [0.00000000e+00 7.62040816e+02 0.00000000e+00 5.07755102e+01
 0.00000000e+00 6.72653061e+01 0.00000000e+00 7.32040816e+01
 0.00000000e+00 5.55714286e+01 0.00000000e+00 2.88367347e+01
 0.00000000e+00 1.47959184e+01 0.00000000e+00 1.70612245e+01
 0.00000000e+00 2.75510204e+01 0.00000000e+00 3.72040816e+01
 0.00000000e+00 3.64285714e+01 0.00000000e+00 3.96122449e+01
 4.08163265e-02 3.99387755e+01 1.42857143e-01 4.12857143e+01
 3.46938776e-01 3.35714286e+01 1.34693878e+00 2.73061224e+01
 2.59183673e+00 2.42653061e+01 5.12244898e+00 1.94489796e+01
 9.02040816e+00 1.75510204e+01 1.27142857e+01 2.04897959e+01
 1.96938776e+01 2.68571429e+01 2.53061224e+01 3.08775510e+01
 3.07755102e+01 3.98775510e+01 3.54897959e+01 5.01224490e+01
 3.84693878e+01 5.85918367e+01 4.00204082e+01 6.78163265e+01
 3.89387755e+01 7.21632653e+01 3.44285714e+01 7.77142857e+01
 3.31224490e+01 7.62448980e+01 2.95714286e+01 7.08163265e+01
 2.92857143e+01 6.77346939e+01 2.66938776e+01 6.08367347e+01
 2.64897959e+01 5.66734694e+01 2.58775510e+01 5.77142857e+01
 2.84081633e+01 5.59795918e+01 2.84897959e+01 5.91020408e+01
 2.95714286e+01 6.14693878e+01 3.12857143e+01 6.55510204e+01
 3.45918367e+01 7.21224490e+01 4.04081633e+01 8.26122449e+01
 4.37551020e+01 9.17959184e+01 5.17551020e+01 1.02612245e+02
 5.59387755e+01 1.06551020e+02 6.37346939e+01 1.09408163e+02
 7.30000000e+01 1.12061224e+02 8.58367347e+01 1.18959184e+02
 9.88571429e+01 1.18571429e+02 1.15306122e+02 1.20632653e+02
 1.34428571e+02 1.30224490e+02 1.59469388e+02 1.40693878e+02
 1.96408163e+02 1.53938776e+02 2.59102041e+02 1.74571429e+02
 3.46551020e+02 2.00102041e+02 4.63836735e+02 2.26714286e+02
 6.16489796e+02 2.65000000e+02 8.02163265e+02 3.05571429e+02
 1.01610204e+03 3.58408163e+02 1.26908163e+03 4.16979592e+02
 1.55904082e+03 4.87346939e+02 1.87157143e+03 5.76408163e+02
 2.17267347e+03 6.76510204e+02 2.46308163e+03 7.56775510e+02
 2.84687755e+03 8.29122449e+02 3.35551020e+03 9.19897959e+02
 3.87867347e+03 1.02163265e+03 4.36100000e+03 1.15906122e+03
 4.71124490e+03 1.35438776e+03 4.87626531e+03 1.69395918e+03
 4.90848980e+03 2.38565306e+03 4.77563265e+03 3.83404082e+03
 4.60751020e+03 6.84628571e+03 4.44808163e+03 1.20740612e+04
 4.31351020e+03 1.87712245e+04 4.11114286e+03 2.49822041e+04
 3.86234694e+03 2.93295918e+04 3.62657143e+03 3.13087143e+04
 3.32022449e+03 3.04351020e+04 2.86634694e+03 2.75403265e+04
 2.39620408e+03 2.46360612e+04 2.00226531e+03 2.26657755e+04
 1.65530612e+03 2.09008980e+04 1.30265306e+03 1.85109388e+04
 9.81775510e+02 1.56592449e+04 7.32346939e+02 1.27042857e+04
 5.27530612e+02 9.96571429e+03 3.68448980e+02 7.36787755e+03
 2.42306122e+02 5.01728571e+03 1.33000000e+02 3.06106122e+03
 6.60000000e+01 1.64606122e+03 2.63469388e+01 7.71306122e+02
 9.02040816e+00 3.19591837e+02 2.55102041e+00 1.21571429e+02
 5.30612245e-01 5.29591837e+01 0.00000000e+00 2.65102041e+01
 0.00000000e+00 1.42244898e+01 0.00000000e+00 6.28571429e+00
 0.00000000e+00 2.55102041e+00 0.00000000e+00 8.57142857e-01
 0.00000000e+00 5.30612245e-01 0.00000000e+00 8.16326531e-02
 0.00000000e+00 0.00000000e+00 0.00000000e+00 0.00000000e+00
 0.00000000e+00 0.00000000e+00 0.00000000e+00 0.00000000e+00
 0.00000000e+00 0.00000000e+00 0.00000000e+00 0.00000000e+00
 0.00000000e+00 0.00000000e+00 0.00000000e+00 0.00000000e+00
 0.00000000e+00 0.00000000e+00 0.00000000e+00 0.00000000e+00
 0.00000000e+00 0.00000000e+00 0.00000000e+00 0.00000000e+00
 0.00000000e+00 0.00000000e+00 0.00000000e+00 0.00000000e+00
 0.00000000e+00 0.00000000e+00 0.00000000e+00 0.00000000e+00
 0.00000000e+00 0.00000000e+00 0.00000000e+00 0.00000000e+00
 0.00000000e+00 0.00000000e+00 0.00000000e+00 0.00000000e+00
 0.00000000e+00 0.00000000e+00 0.00000000e+00 0.00000000e+00
 0.00000000e+00 0.00000000e+00 0.00000000e+00 0.00000000e+00
 0.00000000e+00 0.00000000e+00 0.00000000e+00 0.00000000e+00
 0.00000000e+00 0.00000000e+00 0.00000000e+00 0.00000000e+00]
Averaged histogram for class svar: [0.000000e+00 6.453800e+02 0.000000e+00 4.826000e+01 0.000000e+00
 4.526000e+01 0.000000e+00 4.367000e+01 0.000000e+00 5.547000e+01
 0.000000e+00 6.579000e+01 0.000000e+00 6.571000e+01 0.000000e+00
 5.838000e+01 0.000000e+00 6.142000e+01 0.000000e+00 7.811000e+01
 1.000000e-02 1.062400e+02 2.000000e-02 1.408400e+02 1.400000e-01
 1.759800e+02 4.200000e-01 2.122400e+02 9.300000e-01 2.346300e+02
 2.740000e+00 2.527200e+02 4.940000e+00 2.653100e+02 8.410000e+00
 2.884300e+02 1.331000e+01 3.101500e+02 1.801000e+01 3.307100e+02
 2.238000e+01 3.493600e+02 2.489000e+01 3.705700e+02 2.621000e+01
 3.958500e+02 2.895000e+01 4.248200e+02 3.168000e+01 4.535000e+02
 3.198000e+01 4.858500e+02 3.182000e+01 5.250900e+02 3.224000e+01
 5.530900e+02 3.278000e+01 5.854500e+02 3.410000e+01 6.083700e+02
 3.679000e+01 6.472600e+02 3.913000e+01 6.796500e+02 4.088000e+01
 7.217500e+02 4.439000e+01 7.520200e+02 4.863000e+01 8.003000e+02
 5.170000e+01 8.432000e+02 5.561000e+01 8.930300e+02 5.985000e+01
 9.625100e+02 6.702000e+01 1.036650e+03 7.424000e+01 1.111110e+03
 8.076000e+01 1.185800e+03 8.721000e+01 1.245580e+03 9.635000e+01
 1.301960e+03 1.054600e+02 1.380800e+03 1.090000e+02 1.461150e+03
 1.154500e+02 1.547670e+03 1.253800e+02 1.636230e+03 1.374300e+02
 1.747660e+03 1.512400e+02 1.824280e+03 1.664600e+02 1.915740e+03
 1.783000e+02 1.996310e+03 1.913900e+02 2.071120e+03 1.983200e+02
 2.151390e+03 2.055500e+02 2.225480e+03 2.100600e+02 2.270530e+03
 2.171100e+02 2.321310e+03 2.245200e+02 2.367820e+03 2.277700e+02
 2.397280e+03 2.395600e+02 2.410530e+03 2.455600e+02 2.449450e+03
 2.437200e+02 2.470240e+03 2.436400e+02 2.533960e+03 2.470200e+02
 2.628770e+03 2.458800e+02 2.771240e+03 2.564400e+02 2.952190e+03
 2.609200e+02 3.192190e+03 2.702800e+02 3.449430e+03 2.845400e+02
 3.747240e+03 3.012500e+02 4.096110e+03 3.246500e+02 4.492310e+03
 3.572200e+02 4.974830e+03 3.947200e+02 5.582520e+03 4.247100e+02
 6.315400e+03 4.375800e+02 7.348260e+03 4.271800e+02 8.779550e+03
 4.084400e+02 1.073957e+04 3.855600e+02 1.303434e+04 3.754400e+02
 1.565593e+04 3.585900e+02 1.822100e+04 3.363100e+02 2.007090e+04
 2.953300e+02 2.113668e+04 2.542400e+02 2.162131e+04 2.182900e+02
 2.108516e+04 1.839100e+02 1.872619e+04 1.522400e+02 1.590631e+04
 1.262100e+02 1.343181e+04 1.050400e+02 1.135715e+04 8.951000e+01
 9.705670e+03 7.916000e+01 8.477210e+03 7.410000e+01 7.667380e+03
 6.803000e+01 7.278010e+03 5.970000e+01 7.325880e+03 5.173000e+01
 7.519250e+03 4.448000e+01 7.571150e+03 3.835000e+01 7.338000e+03
 3.367000e+01 6.795170e+03 2.933000e+01 6.000700e+03 2.579000e+01
 5.026980e+03 2.310000e+01 3.982990e+03 2.034000e+01 3.032530e+03
 1.820000e+01 2.237840e+03 1.655000e+01 1.678940e+03 1.398000e+01
 1.313900e+03 1.038000e+01 1.098280e+03 8.380000e+00 9.717000e+02
 6.590000e+00 8.668800e+02 5.700000e+00 7.453700e+02 4.260000e+00
 6.099000e+02 3.720000e+00 4.879300e+02 3.080000e+00 4.075800e+02
 2.970000e+00 3.884600e+02 2.640000e+00 4.053300e+02 2.760000e+00
 4.054100e+02 2.610000e+00 3.845400e+02 2.480000e+00 3.242000e+02
 2.020000e+00 2.621300e+02 1.700000e+00 2.279000e+02 1.570000e+00
 2.239800e+02 1.690000e+00 2.181900e+02 1.680000e+00 2.074400e+02
 1.880000e+00 1.835200e+02 2.370000e+00 1.800000e+02 2.800000e+00
 1.967800e+02 2.780000e+00 2.058200e+02 2.610000e+00 1.894400e+02
 2.630000e+00 1.452700e+02 2.170000e+00 8.702000e+01 3.520000e+00
 6.908000e+01]
