8.0
4.0
127
127
127
0
let
12.828427076339722
9.0
126
126
126
0
mod
12.828427076339722
10.0
127
127
127
0
let
4.828427076339722
0.0
112
112
112
0
super
12.0
0.0
122
122
122
0
let
17.656854152679443
17.0
126
126
126
0
inter
0.0
0.0
36
36
36
0
para
19.071067690849304
1.5
41
41
41
0
let
2.0
0.0
127
127
127
0
super
1610.6000670194626
0.5
110
110
110
0
para
2.0
0.0
121
121
121
0
super
8.828427076339722
5.0
126
126
126
0
mod
116.81118178367615
771.5
126
126
126
0
let
3.414213538169861
0.5
119
119
119
0
cyl
0.0
0.0
35
35
35
0
svar
0.0
0.0
103
103
103
0
para
9.656854152679443
0.0
126
126
126
0
svar
3.414213538169861
0.5
119
119
119
0
svar
16.0
0.0
124
124
124
0
cyl
8.242640614509583
0.5
99
99
99
0
para
4.0
0.0
0
0
0
0
para
4.828427076339722
0.0
89
89
89
0
mod
12.485281229019165
0.0
116
116
116
0
mod
8.0
4.0
127
127
127
0
para
2.0
0.0
112
112
112
0
svar
0.0
0.0
126
126
126
0
cyl
29.79898953437805
2.0
126
126
126
0
para
0.0
0.0
126
126
126
0
inter
548.0832602977753
0.0
126
126
126
0
svar
2.0
0.0
72
72
72
0
let
34.485281229019165
0.0
124
124
124
0
cyl
3.414213538169861
0.5
124
124
124
0
inter
10.242640614509583
0.5
127
127
127
0
super
12.0
0.0
11
11
11
0
svar
4.828427076339722
0.0
87
87
87
0
let
133.39696836471558
750.0
126
126
126
0
mod
817.899494767189
0.5
126
126
126
0
inter
37.65685415267944
0.0
124
124
124
0
para
1437.6568541526794
0.0
89
89
89
0
para
4.828427076339722
0.0
91
91
91
0
para
2.0
0.0
48
48
48
0
super
8.0
4.0
124
124
124
0
para
10.242640614509583
0.5
127
127
127
0
super
2.0
0.0
75
75
75
0
super
4.0
0.0
0
0
0
0
super
2.0
0.0
99
99
99
0
para
8.0
4.0
117
117
117
0
cyl
8.0
4.0
110
110
110
0
cyl
582.811182141304
1.5
21
21
21
0
mod
2.0
0.0
51
51
51
0
mod
9.656854152679443
0.0
126
126
126
0
inter
12.828427076339722
10.0
127
127
127
0
let
4.828427076339722
0.0
89
89
89
0
svar
8.0
4.0
1
1
1
0
inter
4.0
0.0
119
119
119
0
cyl
0.0
0.0
6
6
6
0
super
7.414213538169861
0.5
107
107
107
0
cyl
25.313708305358887
2.0
119
119
119
0
mod
24.485281229019165
7.0
126
126
126
0
para
5.414213538169861
0.5
142
142
142
255
super
10.242640614509583
0.5
127
127
127
0
let
4.828427076339722
0.0
126
126
126
0
inter
4.828427076339722
0.0
75
75
75
0
mod
9.656854152679443
0.0
127
127
127
0
inter
10.0
0.0
89
89
89
0
svar
17.071067690849304
0.5
0
0
0
0
mod
8.828427076339722
5.0
126
126
126
0
svar
2.0
0.0
90
90
90
0
svar
2.0
0.0
126
126
126
0
super
0.0
0.0
126
126
126
0
let
122.0
0.0
124
124
124
0
para
30.97056245803833
1.0
124
124
124
0
mod
2.0
0.0
127
127
127
0
mod
6.828427076339722
1.0
56
56
56
0
super
0.0
0.0
56
56
56
0
let
0.0
0.0
36
36
36
0
mod
2.0
0.0
0
0
0
0
para
6.828427076339722
1.0
91
91
91
0
cyl
0.0
0.0
96
96
96
0
cyl
2.0
0.0
0
0
0
0
super
4.0
0.0
77
77
77
0
svar
8.0
4.0
126
126
126
0
super
24.485281229019165
6.0
126
126
126
0
cyl
789.4558436870575
1.0
126
126
126
0
para
8.242640614509583
0.5
102
102
102
0
let
16.0
0.0
118
118
118
0
inter
2.0
0.0
109
109
109
0
mod
2.0
0.0
112
112
112
0
inter
0.0
0.0
100
100
100
0
para
10.242640614509583
0.5
127
127
127
0
inter
8.828427076339722
5.0
113
113
113
0
mod
179.4558436870575
0.0
117
117
117
0
mod
8.0
0.0
101
101
101
0
super
5.414213538169861
0.5
1
1
1
0
cyl
193.43859827518463
7.5
126
126
126
0
super
6.828427076339722
1.0
52
52
52
0
super
4.0
0.0
77
77
77
0
let
6.828427076339722
1.0
56
56
56
0
para
14.828427076339722
12.0
123
123
123
0
mod
9.656854152679443
0.0
127
127
127
0
svar
2.0
0.0
121
121
121
0
super
6.828427076339722
1.0
56
56
56
0
cyl
2.0
0.0
126
126
126
0
super
894.1421353816986
0.0
109
109
109
0
mod
0.0
0.0
126
126
126
0
cyl
2.0
0.0
93
93
93
0
svar
34.485281229019165
0.0
124
124
124
0
inter
1608.6761869192123
25.0
70
70
70
0
cyl
0.0
0.0
126
126
126
0
let
143.3137083053589
0.0
95
95
95
0
inter
1443.6568541526794
0.0
93
93
93
0
super
8.0
4.0
1
1
1
0
mod
894.1421353816986
0.0
109
109
109
0
let
37.65685415267944
0.0
124
124
124
0
mod
24.485281229019165
7.0
126
126
126
0
mod
41.21320307254791
0.5
124
124
124
0
super
2.0
0.0
127
127
127
0
super
0.0
0.0
79
79
79
0
mod
11.071067690849304
0.5
126
126
126
0
para
17.071067690849304
0.5
110
110
110
0
let
12.485281229019165
0.0
116
116
116
0
cyl
6.828427076339722
1.0
21
21
21
0
svar
19.071067690849304
19.5
126
126
126
0
para
4.0
0.0
43
43
43
0
mod
8.0
4.0
126
126
126
0
inter
18.242640614509583
0.5
124
124
124
0
mod
2.0
0.0
89
89
89
0
super
10.828427076339722
0.0
27
27
27
0
inter
92.08326029777527
13.0
124
124
124
0
svar
7.414213538169861
0.5
107
107
107
0
let
8.828427076339722
5.0
126
126
126
0
mod
8.242640614509583
0.5
51
51
51
0
para
8.0
4.0
127
127
127
0
cyl
25.313708305358887
2.0
119
119
119
0
inter
133.39696836471558
750.0
126
126
126
0
super
6.828427076339722
0.0
66
66
66
0
para
2.0
0.0
0
0
0
0
let
12.828427076339722
9.0
123
123
123
0
svar
2.0
0.0
157
157
157
255
inter
22.82842707633972
19.0
126
126
126
0
para
19.071067690849304
0.5
121
121
121
0
super
4.0
0.0
68
68
68
0
let
8.0
4.0
124
124
124
0
svar
8.242640614509583
0.5
57
57
57
0
svar
143.3137083053589
0.0
95
95
95
0
let
66.97056245803833
0.0
124
124
124
0
cyl
46.97056245803833
1.0
126
126
126
0
super
2.0
0.0
127
127
127
0
mod
2.0
0.0
72
72
72
0
para
8.0
4.0
126
126
126
0
inter
16.0
0.0
124
124
124
0
let
18.0
0.0
126
126
126
0
cyl
5.414213538169861
0.5
1
1
1
0
cyl
16.0
0.0
0
0
0
0
svar
0.0
0.0
94
94
94
0
inter
6.828427076339722
1.0
97
97
97
0
mod
2.0
0.0
124
124
124
0
mod
4.0
0.0
123
123
123
0
let
2.0
0.0
99
99
99
0
mod
6.828427076339722
1.0
118
118
118
0
para
17.071067690849304
0.5
110
110
110
0
mod
1528.4852812290192
0.0
109
109
109
0
mod
2.0
0.0
126
126
126
0
para
9.656854152679443
0.0
127
127
127
0
super
2.0
0.0
51
51
51
0
mod
2.0
0.0
109
109
109
0
mod
18.242640614509583
1.5
77
77
77
0
super
7.414213538169861
0.5
123
123
123
0
super
2.0
0.0
127
127
127
0
inter
16.485281229019165
6.0
126
126
126
0
inter
0.0
0.0
104
104
104
0
para
0.0
0.0
126
126
126
0
inter
789.4558436870575
1.0
126
126
126
0
super
7.414213538169861
0.5
123
123
123
0
mod
8.0
4.0
126
126
126
0
let
1378.0
0.0
86
86
86
0
svar
10.828427076339722
0.0
27
27
27
0
let
817.899494767189
0.5
126
126
126
0
let
8.0
4.0
124
124
124
0
inter
1245.0710676908493
0.5
0
0
0
0
mod
8.828427076339722
0.0
126
126
126
0
mod
8.242640614509583
0.5
99
99
99
0
super
5.414213538169861
0.5
106
106
106
0
super
8.828427076339722
5.0
226
226
226
255
super
18.727921843528748
7.5
124
124
124
0
super
10.828427076339722
0.0
27
27
27
0
let
24.485281229019165
7.0
126
126
126
0
svar
5.414213538169861
0.5
123
123
123
0
inter
5.414213538169861
0.5
106
106
106
0
super
27.313708305358887
2.0
124
124
124
0
svar
2.0
0.0
73
73
73
0
let
4.0
0.0
105
105
105
0
super
2.0
0.0
126
126
126
0
cyl
12.828427076339722
1.0
79
79
79
0
let
8.242640614509583
0.5
112
112
112
0
mod
4.0
0.0
68
68
68
0
mod
25.313708305358887
2.0
119
119
119
0
para
0.0
0.0
124
124
124
0
inter
4.828427076339722
0.0
110
110
110
0
svar
2.0
0.0
72
72
72
0
svar
5.414213538169861
0.5
123
123
123
0
mod
1245.0710676908493
0.5
0
0
0
0
svar
10.828427076339722
7.0
124
124
124
0
let
33.31370830535889
64.0
126
126
126
0
inter
2.0
0.0
89
89
89
0
mod
897.1126978397369
1.0
127
127
127
0
mod
5.414213538169861
0.5
72
72
72
0
para
1293.9827550649643
5.5
87
87
87
0
let
105.25483310222626
654.0
126
126
126
0
cyl
2.0
0.0
82
82
82
0
cyl
33.31370830535889
64.0
126
126
126
0
mod
2.0
0.0
24
24
24
0
cyl
33.31370830535889
64.0
126
126
126
0
mod
16.485281229019165
6.0
126
126
126
0
svar
7.414213538169861
0.5
123
123
123
0
svar
8.0
0.0
101
101
101
0
mod
5.414213538169861
0.5
72
72
72
0
svar
14.828427076339722
11.0
122
122
122
0
mod
12.828427076339722
10.0
127
127
127
0
cyl
2.0
0.0
80
80
80
0
para
37.55634891986847
2.5
127
127
127
0
para
2.0
0.0
99
99
99
0
mod
0.0
0.0
126
126
126
0
svar
179.4558436870575
0.0
117
117
117
0
inter
8.0
4.0
126
126
126
0
svar
0.0
0.0
103
103
103
0
svar
0.0
0.0
96
96
96
0
let
28.0
0.0
123
123
123
0
super
2.0
0.0
124
124
124
0
super
19.071067690849304
0.5
121
121
121
0
inter
1245.0710676908493
0.5
0
0
0
0
super
2.0
0.0
102
102
102
0
inter
0.0
0.0
126
126
126
0
para
9.656854152679443
0.0
127
127
127
0
cyl
77.21320307254791
3.5
119
119
119
0
inter
77.21320307254791
3.5
119
119
119
0
cyl
2.0
0.0
75
75
75
0
svar
2.0
0.0
14
14
14
0
mod
17.656854152679443
0.0
0
0
0
0
svar
6.0
0.0
126
126
126
0
cyl
4.828427076339722
0.0
87
87
87
0
mod
16.242640614509583
0.5
124
124
124
0
mod
29.79898953437805
2.0
126
126
126
0
super
9.656854152679443
0.0
126
126
126
0
cyl
2.0
0.0
127
127
127
0
mod
8.0
4.0
124
124
124
0
cyl
12.828427076339722
10.0
127
127
127
0
let
9.656854152679443
0.0
124
124
124
0
cyl
582.811182141304
1.5
21
21
21
0
super
18.82842707633972
1.0
124
124
124
0
let
17.656854152679443
0.0
0
0
0
0
cyl
114.81118202209473
7.5
127
127
127
0
inter
9.656854152679443
0.0
126
126
126
0
let
9.656854152679443
0.0
87
87
87
0
cyl
6.0
0.0
113
113
113
0
super
2.0
0.0
99
99
99
0
super
2.0
0.0
126
126
126
0
let
5.414213538169861
0.5
38
38
38
0
svar
2.0
0.0
124
124
124
0
cyl
9.656854152679443
0.0
124
124
124
0
cyl
21.899494767189026
7.5
126
126
126
0
para
6.0
0.0
127
127
127
0
cyl
582.811182141304
1.5
21
21
21
0
para
4.828427076339722
0.0
75
75
75
0
let
16.0
0.0
0
0
0
0
svar
4.828427076339722
0.0
87
87
87
0
let
2.0
0.0
3
3
3
0
mod
10.828427076339722
0.0
27
27
27
0
mod
60.28427052497864
2.0
126
126
126
0
para
0.0
0.0
126
126
126
0
inter
0.0
0.0
77
77
77
0
para
10.242640614509583
0.5
113
113
113
0
para
5.414213538169861
0.5
1
1
1
0
cyl
4.828427076339722
0.0
75
75
75
0
mod
2.0
0.0
107
107
107
0
svar
2.0
0.0
126
126
126
0
svar
14.0
0.0
0
0
0
0
svar
8.0
4.0
126
126
126
0
mod
151.78174471855164
10.5
124
124
124
0
inter
548.0832602977753
0.0
126
126
126
0
para
0.0
0.0
104
104
104
0
super
7.414213538169861
3.5
122
122
122
0
inter
371.3137083053589
0.0
33
33
33
0
super
8.0
4.0
66
66
66
0
super
10.242640614509583
0.5
127
127
127
0
mod
6.828427076339722
1.0
121
121
121
0
svar
160.81118166446686
110.5
126
126
126
0
para
2.0
0.0
102
102
102
0
cyl
160.0
0.0
68
68
68
0
super
19.071067690849304
1.5
41
41
41
0
para
19.071067690849304
0.5
124
124
124
0
cyl
2.0
0.0
73
73
73
0
cyl
14.0
0.0
104
104
104
0
mod
10.242640614509583
0.5
127
127
127
0
para
12.485281229019165
0.0
116
116
116
0
cyl
8.0
4.0
110
110
110
0
let
19.899494767189026
2.5
124
124
124
0
mod
19.071067690849304
19.5
126
126
126
0
svar
18.242640614509583
1.5
77
77
77
0
mod
2.0
0.0
51
51
51
0
svar
2.0
0.0
87
87
87
0
mod
16.242640614509583
0.5
124
124
124
0
mod
0.0
0.0
126
126
126
0
cyl
0.0
0.0
124
124
124
0
cyl
4.828427076339722
0.0
87
87
87
0
mod
5.414213538169861
0.5
103
103
103
0
mod
12.828427076339722
1.0
79
79
79
0
let
5.414213538169861
0.5
142
142
142
255
mod
2.0
0.0
75
75
75
0
para
18.242640614509583
1.5
77
77
77
0
let
4.0
0.0
105
105
105
0
svar
17.071067690849304
0.5
0
0
0
0
inter
2.0
0.0
124
124
124
0
super
6.0
0.0
113
113
113
0
super
6.0
0.0
126
126
126
0
cyl
6.0
0.0
118
118
118
0
para
582.811182141304
1.5
21
21
21
0
cyl
8.242640614509583
0.5
57
57
57
0
let
8.828427076339722
5.0
113
113
113
0
inter
0.0
0.0
85
85
85
0
inter
8.0
4.0
109
109
109
0
cyl
8.242640614509583
0.5
59
59
59
0
super
582.811182141304
1.5
21
21
21
0
para
16.0
0.0
0
0
0
0
cyl
8.0
4.0
127
127
127
0
let
2.0
0.0
89
89
89
0
para
12.0
0.0
122
122
122
0
cyl
2.0
0.0
41
41
41
0
svar
8.0
4.0
127
127
127
0
mod
477.11269783973694
0.0
127
127
127
0
super
0.0
0.0
126
126
126
0
inter
19.071067690849304
1.5
41
41
41
0
para
9.656854152679443
0.0
127
127
127
0
let
14.0
0.0
124
124
124
0
para
17.071067690849304
0.5
110
110
110
0
super
92.08326029777527
13.0
124
124
124
0
let
5.414213538169861
0.5
38
38
38
0
inter
41.21320307254791
0.5
124
124
124
0
inter
5.414213538169861
0.5
106
106
106
0
super
2.0
0.0
51
51
51
0
inter
0.0
0.0
126
126
126
0
super
10.242640614509583
0.5
127
127
127
0
cyl
2.0
0.0
127
127
127
0
let
0.0
0.0
126
126
126
0
super
14.0
0.0
104
104
104
0
let
92.28427076339722
32.0
116
116
116
0
svar
10.242640614509583
0.5
113
113
113
0
inter
60.28427052497864
2.0
126
126
126
0
cyl
9.656854152679443
0.0
127
127
127
0
svar
8.0
0.0
101
101
101
0
mod
6.0
0.0
126
126
126
0
super
2.0
0.0
126
126
126
0
inter
817.899494767189
0.5
126
126
126
0
svar
8.0
4.0
127
127
127
0
let
19.071067690849304
1.5
41
41
41
0
svar
16.0
0.0
0
0
0
0
inter
7.414213538169861
0.5
107
107
107
0
super
6.0
0.0
68
68
68
0
para
0.0
0.0
126
126
126
0
mod
2.0
0.0
99
99
99
0
cyl
2.0
0.0
107
107
107
0
cyl
4.828427076339722
0.0
87
87
87
0
cyl
2.0
0.0
124
124
124
0
mod
2.0
0.0
107
107
107
0
para
12.0
8.0
124
124
124
0
cyl
17.656854152679443
1.0
127
127
127
0
super
2.0
0.0
126
126
126
0
svar
4.828427076339722
0.0
71
71
71
0
inter
4.828427076339722
0.0
90
90
90
0
svar
0.0
0.0
20
20
20
0
super
894.1421353816986
0.0
109
109
109
0
mod
8.0
4.0
127
127
127
0
mod
0.0
0.0
104
104
104
0
svar
6.828427076339722
1.0
113
113
113
0
para
2.0
0.0
68
68
68
0
mod
9.656854152679443
0.0
127
127
127
0
let
8.828427076339722
5.0
127
127
127
0
inter
3.414213538169861
0.5
124
124
124
0
let
12.828427076339722
1.0
38
38
38
0
para
10.242640614509583
0.5
127
127
127
0
cyl
6.828427076339722
1.0
127
127
127
0
svar
897.1126978397369
1.0
127
127
127
0
para
47.65685415267944
0.0
5
5
5
0
let
1296.0
0.0
95
95
95
0
super
8.828427076339722
5.0
113
113
113
0
inter
23.656854152679443
0.0
82
82
82
0
svar
789.4558436870575
1.0
126
126
126
0
let
2.0
0.0
97
97
97
0
let
10.242640614509583
0.5
113
113
113
0
para
2.0
0.0
89
89
89
0
mod
21.899494767189026
7.5
126
126
126
0
svar
2.0
0.0
46
46
46
0
svar
5.414213538169861
0.5
0
0
0
0
svar
14.0
0.0
0
0
0
0
super
25.313708305358887
2.0
119
119
119
0
super
12.828427076339722
10.0
127
127
127
0
inter
97.94112479686737
3.0
126
126
126
0
let
2.0
0.0
77
77
77
0
cyl
0.0
0.0
126
126
126
0
let
9.656854152679443
0.0
127
127
127
0
mod
17.656854152679443
0.0
0
0
0
0
svar
2.0
0.0
46
46
46
0
cyl
1315.313708305359
0.0
108
108
108
0
super
4.828427076339722
0.0
110
110
110
0
inter
14.242640614509583
1.5
126
126
126
0
svar
6.828427076339722
1.0
56
56
56
0
svar
2.0
0.0
124
124
124
0
svar
11.071067690849304
0.5
126
126
126
0
cyl
24.485281229019165
6.0
126
126
126
0
mod
8.242640614509583
0.5
59
59
59
0
let
1528.4852812290192
0.0
109
109
109
0
let
14.828427076339722
11.0
122
122
122
0
svar
2.0
0.0
14
14
14
0
super
151.78174471855164
10.5
124
124
124
0
cyl
114.81118202209473
7.5
127
127
127
0
cyl
861.3380935192108
0.0
89
89
89
0
inter
7.414213538169861
0.5
123
123
123
0
cyl
17.071067690849304
0.5
110
110
110
0
svar
6.828427076339722
1.0
91
91
91
0
cyl
2.0
0.0
73
73
73
0
inter
9.656854152679443
0.0
126
126
126
0
mod
1296.0
0.0
95
95
95
0
inter
47.65685415267944
0.0
5
5
5
0
let
371.3137083053589
0.0
33
33
33
0
cyl
258.7695519924164
0.0
127
127
127
0
cyl
6.828427076339722
1.0
21
21
21
0
super
13.41421353816986
0.5
117
117
117
0
para
0.0
0.0
0
0
0
0
mod
25.313708305358887
2.0
119
119
119
0
mod
1296.0
0.0
95
95
95
0
super
2.0
0.0
51
51
51
0
super
1580.7939372062683
80.0
94
94
94
0
let
0.0
0.0
103
103
103
0
let
26.14213538169861
1.0
124
124
124
0
super
2.0
0.0
126
126
126
0
let
5.414213538169861
0.5
1
1
1
0
cyl
5.414213538169861
0.5
1
1
1
0
para
9.656854152679443
0.0
127
127
127
0
super
16.0
0.0
11
11
11
0
mod
19.071067690849304
0.5
124
124
124
0
cyl
0.0
0.0
109
109
109
0
super
12.828427076339722
9.0
123
123
123
0
let
14.828427076339722
0.0
75
75
75
0
para
2.0
0.0
110
110
110
0
super
0.0
0.0
35
35
35
0
mod
582.811182141304
1.5
21
21
21
0
svar
62.485281229019165
0.0
124
124
124
0
svar
160.81118166446686
110.5
126
126
126
0
mod
0.0
0.0
85
85
85
0
super
12.0
8.0
124
124
124
0
super
548.0832602977753
0.0
126
126
126
0
super
47.65685415267944
0.0
5
5
5
0
inter
1608.6761869192123
25.0
70
70
70
0
mod
6.828427076339722
1.0
113
113
113
0
para
9.656854152679443
0.0
126
126
126
0
para
8.828427076339722
5.0
124
124
124
0
inter
894.1421353816986
0.0
109
109
109
0
super
9.656854152679443
0.0
126
126
126
0
cyl
2.0
0.0
112
112
112
0
cyl
2.0
0.0
90
90
90
0
super
2.0
0.0
112
112
112
0
para
4.828427076339722
0.0
87
87
87
0
super
19.071067690849304
0.5
121
121
121
0
cyl
4.0
0.0
116
116
116
0
para
8.242640614509583
0.5
91
91
91
0
let
2.0
0.0
89
89
89
0
inter
10.242640614509583
0.5
127
127
127
0
inter
22.82842707633972
19.0
126
126
126
0
inter
2.0
0.0
126
126
126
0
para
2.0
0.0
31
31
31
0
mod
17.656854152679443
17.0
126
126
126
0
let
12.828427076339722
1.0
79
79
79
0
let
16.242640614509583
0.5
124
124
124
0
mod
2.0
0.0
45
45
45
0
mod
160.0
0.0
68
68
68
0
super
10.242640614509583
0.5
127
127
127
0
svar
1237.1959581375122
16.0
82
82
82
0
svar
2.0
0.0
41
41
41
0
inter
9.656854152679443
0.0
127
127
127
0
let
6.828427076339722
1.0
118
118
118
0
let
0.0
0.0
96
96
96
0
let
8.242640614509583
0.5
70
70
70
0
svar
0.0
0.0
126
126
126
0
inter
10.242640614509583
0.5
127
127
127
0
svar
105.25483310222626
654.0
126
126
126
0
super
6.0
0.0
68
68
68
0
para
2.0
0.0
24
24
24
0
inter
19.071067690849304
1.5
41
41
41
0
mod
10.828427076339722
7.0
126
126
126
0
para
1237.1959581375122
16.0
82
82
82
0
cyl
5.414213538169861
0.5
72
72
72
0
para
7.414213538169861
3.5
127
127
127
0
para
16.0
0.0
118
118
118
0
super
8.242640614509583
0.5
112
112
112
0
svar
0.0
0.0
126
126
126
0
mod
2.0
0.0
157
157
157
255
cyl
0.0
0.0
6
6
6
0
super
10.242640614509583
0.5
127
127
127
0
let
817.899494767189
0.5
126
126
126
0
cyl
0.0
0.0
126
126
126
0
inter
5.414213538169861
0.5
123
123
123
0
para
10.828427076339722
7.0
126
126
126
0
mod
12.828427076339722
10.0
127
127
127
0
let
2.0
0.0
109
109
109
0
cyl
1280.0660152435303
18.5
0
0
0
0
para
10.242640614509583
0.5
127
127
127
0
para
8.828427076339722
5.0
124
124
124
0
para
3.414213538169861
0.5
124
124
124
0
let
4.0
0.0
43
43
43
0
para
10.242640614509583
0.5
127
127
127
0
para
8.828427076339722
0.0
126
126
126
0
inter
17.071067690849304
0.5
110
110
110
0
inter
5.414213538169861
0.5
1
1
1
0
inter
7.414213538169861
3.5
122
122
122
0
mod
2.8284270763397217
0.0
95
95
95
0
svar
2.0
0.0
107
107
107
0
para
2.0
0.0
124
124
124
0
cyl
4.0
0.0
116
116
116
0
let
2.0
0.0
0
0
0
0
para
9.656854152679443
0.0
127
127
127
0
super
8.0
4.0
124
124
124
0
let
12.0
8.0
124
124
124
0
let
8.0
4.0
124
124
124
0
cyl
18.0
0.0
0
0
0
0
svar
2.8284270763397217
0.0
95
95
95
0
cyl
6.828427076339722
0.0
66
66
66
0
para
4.828427076339722
0.0
71
71
71
0
mod
1074.936072587967
0.0
107
107
107
0
mod
775.6568541526794
0.0
107
107
107
0
inter
1580.7939372062683
80.0
94
94
94
0
svar
9.656854152679443
0.0
126
126
126
0
para
25.656854152679443
20.0
126
126
126
0
inter
4.828427076339722
0.0
87
87
87
0
para
2.0
0.0
48
48
48
0
mod
0.0
0.0
77
77
77
0
svar
8.0
4.0
127
127
127
0
let
18.727921843528748
7.5
124
124
124
0
svar
8.242640614509583
0.5
59
59
59
0
inter
4.828427076339722
0.0
87
87
87
0
let
2.0
0.0
126
126
126
0
para
2.0
0.0
90
90
90
0
cyl
2.0
0.0
89
89
89
0
cyl
0.0
0.0
126
126
126
0
inter
8.0
4.0
66
66
66
0
inter
2.0
0.0
68
68
68
0
para
14.828427076339722
0.0
75
75
75
0
para
1280.0660152435303
18.5
0
0
0
0
mod
12.828427076339722
1.0
109
109
109
0
super
1443.6568541526794
0.0
93
93
93
0
mod
1378.0
0.0
86
86
86
0
mod
861.3380935192108
0.0
89
89
89
0
let
16.0
0.0
11
11
11
0
let
2.0
0.0
45
45
45
0
cyl
17.071067690849304
0.5
0
0
0
0
cyl
12.0
0.0
11
11
11
0
cyl
2.0
0.0
127
127
127
0
let
137.63960897922516
7.5
124
124
124
0
cyl
8.242640614509583
0.5
91
91
91
0
para
775.6568541526794
0.0
107
107
107
0
let
0.0
0.0
36
36
36
0
let
2.0
0.0
124
124
124
0
super
2.0
0.0
89
89
89
0
svar
2.0
0.0
131
131
131
255
let
2.0
0.0
126
126
126
0
cyl
2.0
0.0
87
87
87
0
let
12.828427076339722
1.0
38
38
38
0
svar
2.0
0.0
126
126
126
0
svar
7.414213538169861
3.5
127
127
127
0
cyl
2.8284270763397217
0.0
84
84
84
0
inter
25.313708305358887
2.0
119
119
119
0
para
6.828427076339722
1.0
56
56
56
0
cyl
2.0
0.0
79
79
79
0
super
4.828427076339722
0.0
91
91
91
0
let
92.28427076339722
32.0
116
116
116
0
let
4.0
0.0
77
77
77
0
svar
1315.313708305359
0.0
108
108
108
0
cyl
7.414213538169861
0.5
123
123
123
0
mod
1437.6568541526794
0.0
89
89
89
0
para
10.242640614509583
0.5
127
127
127
0
let
137.63960897922516
7.5
124
124
124
0
svar
1610.6000670194626
0.5
110
110
110
0
let
116.81118178367615
771.5
126
126
126
0
svar
6.0
0.0
118
118
118
0
let
1610.6000670194626
0.5
110
110
110
0
mod
5.414213538169861
0.5
1
1
1
0
mod
12.828427076339722
9.0
126
126
126
0
para
4.828427076339722
0.0
124
124
124
0
super
4.0
0.0
0
0
0
0
let
16.485281229019165
6.0
126
126
126
0
super
9.656854152679443
0.0
126
126
126
0
let
12.828427076339722
1.0
109
109
109
0
let
116.81118178367615
771.5
126
126
126
0
inter
8.242640614509583
0.5
112
112
112
0
svar
2.0
0.0
77
77
77
0
para
2.0
0.0
82
82
82
0
let
4.828427076339722
0.0
112
112
112
0
cyl
6.0
0.0
127
127
127
0
inter
2.0
0.0
112
112
112
0
mod
2.0
0.0
112
112
112
0
svar
9.656854152679443
0.0
126
126
126
0
inter
2.0
0.0
124
124
124
0
inter
8.0
4.0
126
126
126
0
svar
133.39696836471558
750.0
126
126
126
0
inter
2.0
0.0
46
46
46
0
inter
861.3380935192108
0.0
89
89
89
0
svar
8.242640614509583
0.5
59
59
59
0
inter
193.43859827518463
7.5
126
126
126
0
mod
21.899494767189026
7.5
126
126
126
0
mod
504.7523070573807
0.5
52
52
52
0
inter
8.0
4.0
126
126
126
0
super
26.14213538169861
1.0
124
124
124
0
cyl
3.414213538169861
0.5
124
124
124
0
para
3.414213538169861
0.5
124
124
124
0
svar
8.242640614509583
0.5
59
59
59
0
cyl
6.828427076339722
1.0
56
56
56
0
svar
2.0
0.0
97
97
97
0
para
0.0
0.0
126
126
126
0
para
8.828427076339722
5.0
127
127
127
0
para
2.8284270763397217
0.0
76
76
76
0
svar
775.6568541526794
0.0
107
107
107
0
para
9.656854152679443
0.0
127
127
127
0
svar
2.0
0.0
87
87
87
0
inter
114.81118202209473
7.5
127
127
127
0
para
122.0
0.0
124
124
124
0
svar
5.414213538169861
0.5
123
123
123
0
let
8.0
4.0
85
85
85
0
cyl
4.0
0.0
68
68
68
0
let
2.0
0.0
124
124
124
0
mod
0.0
0.0
100
100
100
0
cyl
19.899494767189026
2.5
124
124
124
0
cyl
894.1421353816986
0.0
109
109
109
0
svar
143.3137083053589
0.0
95
95
95
0
mod
193.43859827518463
7.5
126
126
126
0
let
4.828427076339722
0.0
124
124
124
0
let
10.242640614509583
0.5
127
127
127
0
svar
8.0
4.0
85
85
85
0
cyl
25.313708305358887
2.0
119
119
119
0
let
34.485281229019165
0.0
124
124
124
0
inter
504.7523070573807
0.5
52
52
52
0
para
3.414213538169861
0.5
124
124
124
0
mod
2.0
0.0
93
93
93
0
let
8.828427076339722
5.0
126
126
126
0
inter
5.414213538169861
0.5
72
72
72
0
cyl
894.1421353816986
0.0
109
109
109
0
svar
12.828427076339722
10.0
127
127
127
0
cyl
23.656854152679443
0.0
82
82
82
0
svar
8.0
4.0
122
122
122
0
super
1378.0
0.0
86
86
86
0
inter
1280.0660152435303
18.5
0
0
0
0
super
0.0
0.0
100
100
100
0
let
2.0
0.0
41
41
41
0
svar
5.414213538169861
0.5
38
38
38
0
para
3.414213538169861
0.5
124
124
124
0
cyl
10.828427076339722
7.0
126
126
126
0
para
14.828427076339722
12.0
123
123
123
0
inter
2.0
0.0
124
124
124
0
svar
17.656854152679443
0.0
0
0
0
0
let
17.656854152679443
0.0
0
0
0
0
svar
8.242640614509583
0.5
102
102
102
0
inter
12.828427076339722
10.0
127
127
127
0
mod
10.828427076339722
7.0
124
124
124
0
let
32.72792184352875
0.5
124
124
124
0
inter
122.0
0.0
124
124
124
0
inter
4.828427076339722
0.0
71
71
71
0
cyl
2.0
0.0
97
97
97
0
mod
8.828427076339722
5.0
226
226
226
255
cyl
2.0
0.0
24
24
24
0
para
3.414213538169861
0.5
124
124
124
0
inter
9.656854152679443
0.0
126
126
126
0
inter
11.656854152679443
1.0
55
55
55
0
let
2.0
0.0
97
97
97
0
cyl
2.0
0.0
98
98
98
0
cyl
18.0
0.0
0
0
0
0
super
2.0
0.0
0
0
0
0
para
6.828427076339722
1.0
56
56
56
0
mod
2.0
0.0
80
80
80
0
para
2.0
0.0
126
126
126
0
inter
10.242640614509583
0.5
127
127
127
0
svar
2.8284270763397217
0.0
84
84
84
0
super
8.0
4.0
126
126
126
0
let
6.828427076339722
1.0
118
118
118
0
let
25.656854152679443
20.0
126
126
126
0
super
0.0
0.0
126
126
126
0
mod
2.0
0.0
3
3
3
0
para
10.828427076339722
0.0
202
202
202
255
mod
0.0
0.0
35
35
35
0
inter
2.8284270763397217
0.0
76
76
76
0
mod
14.828427076339722
0.0
75
75
75
0
svar
5.414213538169861
0.5
103
103
103
0
svar
2.0
0.0
0
0
0
0
mod
8.0
4.0
122
122
122
0
let
92.08326029777527
13.0
124
124
124
0
mod
8.828427076339722
5.0
226
226
226
255
svar
60.28427052497864
2.0
126
126
126
0
super
9.656854152679443
0.0
127
127
127
0
inter
8.242640614509583
0.5
51
51
51
0
super
9.656854152679443
0.0
126
126
126
0
cyl
37.55634891986847
2.5
127
127
127
0
cyl
6.828427076339722
1.0
127
127
127
0
svar
5.414213538169861
0.5
105
105
105
0
svar
2.0
0.0
126
126
126
0
svar
2.0
0.0
45
45
45
0
mod
2.0
0.0
0
0
0
0
mod
2.0
0.0
112
112
112
0
super
179.4558436870575
0.0
117
117
117
0
let
26.14213538169861
1.0
124
124
124
0
cyl
0.0
0.0
126
126
126
0
inter
2.0
0.0
67
67
67
0
cyl
2.0
0.0
157
157
157
255
mod
477.11269783973694
0.0
127
127
127
0
cyl
19.071067690849304
0.5
124
124
124
0
cyl
8.242640614509583
0.5
99
99
99
0
mod
1293.9827550649643
5.5
87
87
87
0
mod
2.0
0.0
126
126
126
0
inter
6.828427076339722
1.0
127
127
127
0
para
7.414213538169861
0.5
123
123
123
0
super
8.0
4.0
127
127
127
0
para
4.828427076339722
0.0
87
87
87
0
cyl
504.7523070573807
0.5
52
52
52
0
cyl
12.828427076339722
1.0
38
38
38
0
inter
9.656854152679443
0.0
126
126
126
0
super
4.828427076339722
0.0
90
90
90
0
svar
2.0
0.0
0
0
0
0
cyl
4.0
0.0
116
116
116
0
mod
0.0
0.0
126
126
126
0
mod
763.798989534378
0.0
126
126
126
0
cyl
2.0
0.0
98
98
98
0
mod
12.0
0.0
122
122
122
0
mod
11.41421353816986
0.5
94
94
94
0
para
8.0
4.0
124
124
124
0
mod
2.0
0.0
99
99
99
0
let
763.798989534378
0.0
126
126
126
0
svar
11.41421353816986
0.5
94
94
94
0
inter
1374.8528122901917
3.0
75
75
75
0
para
6.828427076339722
0.0
124
124
124
0
super
8.242640614509583
0.5
57
57
57
0
cyl
2.0
0.0
127
127
127
0
super
8.0
4.0
124
124
124
0
cyl
9.656854152679443
0.0
124
124
124
0
svar
897.1126978397369
1.0
127
127
127
0
let
2.0
0.0
121
121
121
0
mod
4.828427076339722
0.0
112
112
112
0
let
137.63960897922516
7.5
124
124
124
0
svar
2.0
0.0
127
127
127
0
mod
2.0
0.0
75
75
75
0
cyl
740.8284270763397
0.0
126
126
126
0
inter
2.0
0.0
107
107
107
0
para
2.0
0.0
110
110
110
0
cyl
2.0
0.0
102
102
102
0
let
2.0
0.0
126
126
126
0
svar
2.0
0.0
124
124
124
0
inter
30.97056245803833
1.0
124
124
124
0
para
2.0
0.0
79
79
79
0
inter
24.485281229019165
6.0
126
126
126
0
cyl
11.656854152679443
1.0
55
55
55
0
svar
17.656854152679443
0.0
0
0
0
0
super
8.0
4.0
127
127
127
0
cyl
3.414213538169861
0.5
124
124
124
0
mod
2.0
0.0
127
127
127
0
para
6.828427076339722
1.0
52
52
52
0
mod
2.0
0.0
90
90
90
0
mod
0.0
0.0
94
94
94
0
mod
2.0
0.0
126
126
126
0
para
2.0
0.0
126
126
126
0
mod
17.656854152679443
0.0
0
0
0
0
super
12.828427076339722
9.0
123
123
123
0
para
1293.9827550649643
5.5
87
87
87
0
super
0.0
0.0
109
109
109
0
inter
6.0
0.0
126
126
126
0
inter
10.242640614509583
0.5
127
127
127
0
para
8.0
0.0
124
124
124
0
inter
8.242640614509583
0.5
59
59
59
0
inter
2.0
0.0
126
126
126
0
super
108.66904664039612
509.5
126
126
126
0
let
13.41421353816986
0.5
117
117
117
0
let
12.828427076339722
9.0
126
126
126
0
para
2.8284270763397217
0.0
95
95
95
0
super
817.899494767189
0.5
126
126
126
0
inter
9.656854152679443
0.0
127
127
127
0
cyl
97.94112479686737
3.0
126
126
126
0
let
12.828427076339722
9.0
123
123
123
0
let
6.0
0.0
126
126
126
0
mod
30.97056245803833
1.0
124
124
124
0
cyl
5.414213538169861
0.5
103
103
103
0
para
2.0
0.0
82
82
82
0
svar
2.0
0.0
112
112
112
0
mod
5.414213538169861
0.5
72
72
72
0
cyl
2.0
0.0
89
89
89
0
para
894.1421353816986
0.0
109
109
109
0
cyl
160.0
0.0
68
68
68
0
para
16.0
0.0
118
118
118
0
para
817.899494767189
0.5
126
126
126
0
mod
8.828427076339722
5.0
126
126
126
0
cyl
2.0
0.0
14
14
14
0
svar
5.414213538169861
0.5
1
1
1
0
cyl
5.414213538169861
0.5
123
123
123
0
let
2.0
0.0
121
121
121
0
svar
8.828427076339722
5.0
126
126
126
0
para
1074.936072587967
0.0
107
107
107
0
inter
8.0
4.0
109
109
109
0
let
6.828427076339722
0.0
124
124
124
0
cyl
62.485281229019165
0.0
124
124
124
0
super
1074.936072587967
0.0
107
107
107
0
inter
6.828427076339722
1.0
121
121
121
0
inter
14.242640614509583
1.5
126
126
126
0
inter
2.0
0.0
126
126
126
0
para
8.0
4.0
127
127
127
0
mod
2.0
0.0
126
126
126
0
mod
2.0
0.0
80
80
80
0
svar
1374.8528122901917
3.0
75
75
75
0
svar
4.828427076339722
0.0
90
90
90
0
let
740.8284270763397
0.0
126
126
126
0
cyl
6.828427076339722
0.0
124
124
124
0
inter
6.828427076339722
1.0
91
91
91
0
svar
2.0
0.0
98
98
98
0
super
5.414213538169861
0.5
72
72
72
0
cyl
8.242640614509583
0.5
102
102
102
0
svar
8.0
4.0
126
126
126
0
mod
6.828427076339722
0.0
66
66
66
0
inter
6.828427076339722
1.0
97
97
97
0
super
17.656854152679443
0.0
0
0
0
0
para
5.414213538169861
0.5
123
123
123
0
cyl
6.828427076339722
1.0
121
121
121
0
cyl
2.0
0.0
126
126
126
0
svar
8.0
4.0
110
110
110
0
inter
6.828427076339722
1.0
113
113
113
0
cyl
2.0
0.0
126
126
126
0
cyl
8.242640614509583
0.5
59
59
59
0
mod
2.0
0.0
51
51
51
0
let
23.656854152679443
0.0
82
82
82
0
para
1580.7939372062683
80.0
94
94
94
0
mod
8.242640614509583
0.5
51
51
51
0
para
8.828427076339722
5.0
127
127
127
0
para
0.0
0.0
84
84
84
0
para
548.0832602977753
0.0
126
126
126
0
let
894.1421353816986
0.0
109
109
109
0
mod
4.0
0.0
123
123
123
0
inter
12.828427076339722
10.0
127
127
127
0
cyl
4.0
0.0
43
43
43
0
svar
4.0
0.0
105
105
105
0
mod
0.0
0.0
122
122
122
0
cyl
0.0
0.0
122
122
122
0
inter
17.656854152679443
1.0
127
127
127
0
inter
18.242640614509583
0.5
124
124
124
0
para
14.242640614509583
1.5
126
126
126
0
cyl
6.0
0.0
113
113
113
0
super
37.65685415267944
0.0
124
124
124
0
cyl
66.97056245803833
0.0
124
124
124
0
let
8.0
4.0
126
126
126
0
let
2.0
0.0
79
79
79
0
cyl
3.414213538169861
0.5
119
119
119
0
inter
6.828427076339722
1.0
79
79
79
0
let
14.0
0.0
124
124
124
0
para
2.0
0.0
127
127
127
0
let
2.0
0.0
126
126
126
0
cyl
12.828427076339722
10.0
127
127
127
0
inter
4.0
0.0
119
119
119
0
super
4.0
0.0
123
123
123
0
svar
18.0
0.0
126
126
126
0
let
8.242640614509583
0.5
112
112
112
0
inter
2.0
0.0
131
131
131
255
super
26.0
0.0
90
90
90
0
let
9.656854152679443
0.0
126
126
126
0
let
6.828427076339722
1.0
56
56
56
0
inter
2.0
0.0
77
77
77
0
super
6.0
0.0
68
68
68
0
para
14.828427076339722
11.0
122
122
122
0
inter
6.0
0.0
127
127
127
0
let
62.485281229019165
0.0
124
124
124
0
inter
26.0
0.0
90
90
90
0
let
2.0
0.0
121
121
121
0
svar
12.0
0.0
11
11
11
0
svar
0.0
0.0
126
126
126
0
cyl
371.3137083053589
0.0
33
33
33
0
cyl
41.21320307254791
0.5
124
124
124
0
super
46.97056245803833
1.0
126
126
126
0
svar
12.0
0.0
126
126
126
0
inter
1374.8528122901917
3.0
75
75
75
0
inter
1315.313708305359
0.0
108
108
108
0
para
6.828427076339722
1.0
127
127
127
0
super
0.0
0.0
126
126
126
0
inter
8.242640614509583
0.5
91
91
91
0
mod
9.656854152679443
0.0
126
126
126
0
mod
18.727921843528748
7.5
124
124
124
0
inter
105.25483310222626
654.0
126
126
126
0
super
108.66904664039612
509.5
126
126
126
0
para
2.0
0.0
124
124
124
0
inter
18.0
0.0
126
126
126
0
super
10.242640614509583
0.5
127
127
127
0
super
2.0
0.0
31
31
31
0
cyl
9.656854152679443
0.0
126
126
126
0
super
10.828427076339722
0.0
27
27
27
0
let
66.97056245803833
0.0
124
124
124
0
let
12.0
0.0
126
126
126
0
let
2.0
0.0
0
0
0
0
let
2.0
0.0
121
121
121
0
svar
10.828427076339722
0.0
202
202
202
255
super
26.0
0.0
90
90
90
0
para
2.0
0.0
68
68
68
0
let
8.828427076339722
5.0
124
124
124
0
let
22.82842707633972
19.0
126
126
126
0
cyl
258.7695519924164
0.0
127
127
127
0
mod
1528.4852812290192
0.0
109
109
109
0
inter
548.0832602977753
0.0
126
126
126
0
svar
151.78174471855164
10.5
124
124
124
0
let
8.0
4.0
1
1
1
0
mod
0.0
0.0
124
124
124
0
inter
2.0
0.0
127
127
127
0
let
12.0
0.0
126
126
126
0
let
9.656854152679443
0.0
127
127
127
0
mod
6.828427076339722
1.0
127
127
127
0
super
2.0
0.0
127
127
127
0
let
2.0
0.0
124
124
124
0
inter
8.0
4.0
126
126
126
0
inter
0.0
0.0
20
20
20
0
para
8.0
4.0
126
126
126
0
para
4.828427076339722
0.0
89
89
89
0
inter
2.0
0.0
90
90
90
0
let
10.828427076339722
7.0
124
124
124
0
super
2.0
0.0
110
110
110
0
let
10.828427076339722
0.0
202
202
202
255
super
2.0
0.0
127
127
127
0
cyl
2.0
0.0
67
67
67
0
svar
8.0
4.0
126
126
126
0
let
10.0
0.0
89
89
89
0
mod
4.828427076339722
0.0
94
94
94
0
para
9.656854152679443
0.0
87
87
87
0
svar
2.0
0.0
126
126
126
0
inter
8.0
4.0
122
122
122
0
let
14.0
0.0
124
124
124
0
super
2.0
0.0
127
127
127
0
svar
28.0
0.0
123
123
123
0
super
8.0
4.0
127
127
127
0
super
8.242640614509583
0.5
70
70
70
0
para
2.0
0.0
0
0
0
0
mod
2.0
0.0
75
75
75
0
let
2.0
0.0
90
90
90
0
super
8.0
4.0
126
126
126
0
inter
8.0
4.0
127
127
127
0
super
0.0
0.0
6
6
6
0
para
17.656854152679443
0.0
0
0
0
0
super
2.8284270763397217
0.0
84
84
84
0
cyl
2.0
0.0
93
93
93
0
super
2.0
0.0
97
97
97
0
svar
17.071067690849304
0.5
110
110
110
0
cyl
894.1421353816986
0.0
109
109
109
0
para
4.828427076339722
0.0
91
91
91
0
inter
9.41421353816986
5.5
127
127
127
0
mod
740.8284270763397
0.0
126
126
126
0
svar
8.0
4.0
126
126
126
0
mod
548.0832602977753
0.0
126
126
126
0
super
0.0
0.0
126
126
126
0
let
6.828427076339722
1.0
52
52
52
0
super
0.0
0.0
84
84
84
0
let
477.11269783973694
0.0
127
127
127
0
super
0.0
0.0
79
79
79
0
let
2.0
0.0
124
124
124
0
cyl
8.242640614509583
0.5
112
112
112
0
para
97.94112479686737
3.0
126
126
126
0
inter
8.0
4.0
117
117
117
0
mod
6.0
0.0
126
126
126
0
inter
0.0
0.0
122
122
122
0
cyl
10.828427076339722
0.0
27
27
27
0
mod
2.0
0.0
124
124
124
0
para
160.81118166446686
110.5
126
126
126
0
super
5.414213538169861
0.5
0
0
0
0
inter
817.899494767189
0.5
126
126
126
0
let
16.0
0.0
0
0
0
0
svar
258.7695519924164
0.0
127
127
127
0
let
4.828427076339722
0.0
126
126
126
0
mod
17.656854152679443
1.0
127
127
127
0
svar
8.0
0.0
124
124
124
0
svar
5.414213538169861
0.5
0
0
0
0
svar
0.0
0.0
126
126
126
0
inter
4.828427076339722
0.0
110
110
110
0
para
1437.6568541526794
0.0
89
89
89
0
let
4.828427076339722
0.0
87
87
87
0
inter
8.0
4.0
126
126
126
0
inter
28.0
0.0
123
123
123
0
para
6.828427076339722
1.0
21
21
21
0
cyl
7.414213538169861
3.5
122
122
122
0
svar
2.0
0.0
67
67
67
0
mod
2.0
0.0
107
107
107
0
super
1237.1959581375122
16.0
82
82
82
0
cyl
4.828427076339722
0.0
87
87
87
0
super
2.0
0.0
124
124
124
0
inter
32.72792184352875
0.5
124
124
124
0
mod
27.313708305358887
2.0
124
124
124
0
svar
9.656854152679443
0.0
87
87
87
0
super
5.414213538169861
0.5
1
1
1
0
super
4.828427076339722
0.0
126
126
126
0
cyl
2.0
0.0
75
75
75
0
mod
0.0
0.0
126
126
126
0
super
4.828427076339722
0.0
124
124
124
0
let
2.0
0.0
112
112
112
0
mod
46.97056245803833
1.0
126
126
126
0
let
0.0
0.0
85
85
85
0
svar
19.071067690849304
19.5
126
126
126
0
super
9.41421353816986
5.5
127
127
127
0
svar
2.0
0.0
0
0
0
0
super
8.828427076339722
0.0
126
126
126
0
cyl
8.242640614509583
0.5
70
70
70
0
svar
0.0
0.0
56
56
56
0
super
2.0
0.0
31
31
31
0
para
12.828427076339722
10.0
127
127
127
0
super
8.0
4.0
117
117
117
0
super
6.828427076339722
1.0
79
79
79
0
mod
0.0
0.0
94
94
94
0
cyl
25.313708305358887
2.0
119
119
119
0
inter
0.0
0.0
0
0
0
0
para
6.828427076339722
1.0
79
79
79
0
svar
12.828427076339722
1.0
109
109
109
0
cyl
7.414213538169861
3.5
127
127
127
0
para
0.0
0.0
126
126
126
0
para
4.828427076339722
0.0
94
94
94
0
inter
92.28427076339722
32.0
116
116
116
0
svar
18.0
0.0
0
0
0
0
let
0.0
0.0
84
84
84
0
let
2.0
0.0
3
3
3
0
let
11.656854152679443
1.0
55
55
55
0
svar
4.828427076339722
0.0
94
94
94
0
svar
8.242640614509583
0.5
59
59
59
0
cyl
8.0
4.0
127
127
127
0
cyl
9.656854152679443
0.0
127
127
127
0
svar
10.0
0.0
89
89
89
0
let
27.313708305358887
2.0
124
124
124
0
para
8.0
4.0
109
109
109
0
inter
8.0
4.0
66
66
66
0
let
9.656854152679443
0.0
127
127
127
0
super
2.0
0.0
127
127
127
0
svar
2.0
0.0
131
131
131
255
super
29.79898953437805
2.0
126
126
126
0
inter
2.0
0.0
126
126
126
0
super
0.0
0.0
126
126
126
0
let
9.41421353816986
5.5
127
127
127
0
mod
0.0
0.0
126
126
126
0
inter
2.0
0.0
89
89
89
0
inter
9.656854152679443
0.0
126
126
126
0
para
0.0
0.0
77
77
77
0
para
763.798989534378
0.0
126
126
126
0
super
14.0
0.0
0
0
0
0
let
8.242640614509583
0.5
59
59
59
0
mod
0.0
0.0
20
20
20
0
svar
19.071067690849304
1.5
41
41
41
0
super
817.899494767189
0.5
126
126
126
0
para
2.0
0.0
127
127
127
0
cyl
0.0
0.0
79
79
79
0
super
11.41421353816986
0.5
94
94
94
0
let
5.414213538169861
0.5
142
142
142
255
mod
0.0
0.0
126
126
126
0
let
25.313708305358887
2.0
119
119
119
0
para
8.0
4.0
126
126
126
0
mod
77.21320307254791
3.5
119
119
119
0
let
4.0
0.0
119
119
119
0
svar
18.82842707633972
1.0
124
124
124
0
para
5.414213538169861
0.5
105
105
105
0
super
4.828427076339722
0.0
87
87
87
0
cyl
8.0
0.0
124
124
124
0
svar
16.0
0.0
124
124
124
0
mod
10.242640614509583
0.5
127
127
127
0
inter
18.82842707633972
1.0
124
124
124
0
let
13.41421353816986
0.5
117
117
117
0
inter
12.828427076339722
9.0
123
123
123
0
mod
2.8284270763397217
0.0
76
76
76
0
mod
2.0
0.0
0
0
0
0
let
8.0
4.0
127
127
127
0
super
1608.6761869192123
25.0
70
70
70
0
para
17.656854152679443
17.0
126
126
126
0
super
2.0
0.0
124
124
124
0
inter
2.0
0.0
97
97
97
0
let
817.899494767189
0.5
126
126
126
0
para
1443.6568541526794
0.0
93
93
93
0
super
8.0
4.0
124
124
124
0
svar
2.0
0.0
48
48
48
0
cyl
8.0
4.0
85
85
85
0
let
6.0
0.0
118
118
118
0
para
108.66904664039612
509.5
126
126
126
0
cyl
0.0
0.0
109
109
109
0
mod
16.0
0.0
0
0
0
0
super
5.414213538169861
0.5
105
105
105
0
svar
2.0
0.0
126
126
126
0
let
0.0
0.0
56
56
56
0
para
19.899494767189026
2.5
124
124
124
0
let
8.242640614509583
0.5
112
112
112
0
inter
14.828427076339722
12.0
123
123
123
0
let
2.0
0.0
126
126
126
0
let
0.0
0.0
0
0
0
0
super
6.828427076339722
1.0
97
97
97
0
cyl
12.828427076339722
9.0
123
123
123
0
let
9.656854152679443
0.0
126
126
126
0
para
9.656854152679443
0.0
127
127
127
0
para
14.0
0.0
104
104
104
0
super
16.0
0.0
11
11
11
0
super
6.828427076339722
1.0
56
56
56
0
inter
2.0
0.0
126
126
126
0
svar
12.828427076339722
10.0
127
127
127
0
let
0.0
0.0
126
126
126
0
svar
25.656854152679443
20.0
126
126
126
0
let
6.828427076339722
1.0
127
127
127
0
cyl
37.55634891986847
2.5
127
127
127
0
mod
10.242640614509583
0.5
127
127
127
0
mod
11.071067690849304
0.5
126
126
126
0
cyl
32.72792184352875
0.5
124
124
124
0
cyl
18.242640614509583
0.5
124
124
124
0
para
